5
50
50
2

6	44
31	13
17	30
38	16
17	6

25	13
12	6
42	32
4	12
11	32
14	45
30	18
50	12
2	18
37	19
15	8
21	20
4	18
34	13
34	12
38	36
21	34
4	42
19	8
2	40
25	20
14	43
12	15
26	22
40	22
21	44
4	45
34	26
7	9
20	8
33	15
13	11
34	14
3	10
15	44
27	37
18	46
49	29
40	27
49	22
46	16
15	43
7	46
2	45
2	20
23	49
25	40
5	45
12	38
9	7

36	12
9	2
8	35
10	48
31	34
50	27
49	25
36	38
49	29
36	12
19	8
22	12
1	3
3	2
1	24
17	20
9	32
20	19
19	39
17	9
38	35
31	31
37	27
17	47
35	11
47	21
32	18
36	33
9	7
49	28
10	4
1	9
45	28
25	35
44	23
17	46
33	20
39	36
33	19
42	11
27	12
14	44
12	18
25	1
6	12
43	17
19	38
16	45
8	36
20	46

3	21
20	2

0
0
0
0
0
29
30
8
9
28
29
5
16
31
33
13
31
25
18
25
5
6
5
30
30
18
24
5
33
22
19
34
8
29
35
12
29
8
35
7
25
23
32
18
35
12
13
18
21
34
18
7
10
26
21
7
11
7
15
14
6
13
14
13
5
9
9
13
7
11
12
9
5
2
14
12
4
2
14
4
11
13
6
7
5
6
6
9
12
3
15
9
6
6
2
14
10
12
12
3
5
14
10
3
10
0
0

0
0
0
0
0
3
3
1
2
1
1
1
3
3
1
3
3
2
1
1
2
2
1
1
2
1
3
3
1
2
1
3
1
2
2
2
3
2
3
3
2
3
1
1
3
2
2
3
3
3
2
2
2
3
2
1
1
1
1
1
1
1
1
1
1
1
1
1
1
1
1
1
1
1
1
1
1
1
1
1
1
1
1
1
1
1
1
1
1
1
1
1
1
1
1
1
1
1
1
1
1
1
1
1
1
0
0

0
0
0
0
0
2
1
1
1
1
3
3
1
3
2
1
1
3
1
2
1
2
3
1
3
2
3
3
2
3
2
3
3
1
3
2
2
1
1
2
2
2
1
3
2
3
2
2
3
1
1
2
3
2
1
2
2
2
2
1
2
2
1
1
1
3
2
3
3
3
3
1
2
3
1
3
1
1
2
2
3
2
2
2
3
3
1
3
1
3
2
1
1
2
2
1
1
3
1
1
2
3
1
1
2
0
0

200000

25
25

48
48

