5
25
25
2

39	34
26	19
16	9
29	18
29	31

4	2
12	39
12	24
33	38
17	16
32	43
47	18
27	33
27	39
25	11
19	40
12	40
50	11
34	24
18	21
14	36
22	7
20	2
26	37
14	32
25	41
4	20
22	18
1	12
13	47

30	20
14	37
4	21
5	38
26	25
44	32
47	19
40	13
37	36
12	49
15	36
6	43
22	21
12	46
37	46
28	40
16	40
38	29
7	11
5	50
28	42
3	41
29	26
49	40
21	7

25	3
45	20

0
0
0
0
0
20
9
29
30
33
34
13
17
27
31
16
10
17
18
31
27
22
7
30
30
30
9
24
14
8
11
14
15
15
10
3
6
7
9
14
5
4
2
9
9
14
2
9
2
2
15
15
3
4
15
0
0

0
0
0
0
0
3
3
3
3
1
1
3
1
2
1
1
1
2
2
1
3
2
3
1
3
3
1
1
1
2
1
1
1
1
1
1
1
1
1
1
1
1
1
1
1
1
1
1
1
1
1
1
1
1
1
0
0

0
0
0
0
0
3
3
2
2
3
3
3
3
3
2
1
3
3
1
3
3
1
2
1
2
1
3
2
2
3
2
3
1
1
3
1
3
3
1
2
3
2
1
1
1
3
3
3
1
3
1
1
2
1
2
0
0

150000

13
13

24
24

