10
50
50
4

24	31
39	11
7	44
47	22
21	44
34	21
31	22
13	38
50	34
11	47

7	14
8	13
46	40
5	37
40	14
32	23
44	24
23	46
12	11
18	30
16	1
15	20
21	13
3	17
14	10
4	10
16	36
26	24
48	38
5	21
12	42
24	40
46	14
41	28
28	30
36	11
13	47
13	21
19	27
37	37
43	29
19	3
30	46
2	38
30	25
7	40
13	4
11	11
41	33
12	38
28	25
10	36
33	27
26	23
23	8
3	40
13	30
49	29
36	22
1	44

46	19
20	33
10	49
10	36
11	38
9	15
47	8
11	15
15	42
17	36
14	10
47	21
32	31
36	39
12	47
17	14
27	15
8	34
6	32
12	21
48	16
2	11
9	5
16	4
1	47
9	15
43	17
44	24
17	33
29	18
33	27
24	40
14	4
16	16
14	10
43	14
42	18
29	19
47	12
27	24
12	19
20	47
23	49
23	36
34	24
12	37
6	17
39	12
2	12
24	10

26	27
4	12
12	4
14	2

0
0
0
0
0
0
0
0
0
0
29
26
28
35
19
22
18
10
25
34
32
32
10
29
18
26
24
5
27
26
20
23
11
17
28
27
15
21
27
25
10
30
32
15
15
33
35
29
27
16
20
24
26
5
12
5
28
13
9
23
2
6
4
6
11
5
14
14
9
5
9
11
6
13
2
6
15
8
11
13
8
14
7
4
3
4
2
5
15
15
2
12
4
13
4
13
3
12
9
15
15
2
12
14
15
11
5
2
3
11
0
0
0
0

0
0
0
0
0
0
0
0
0
0
2
1
3
2
3
1
3
2
3
3
3
1
3
3
3
2
3
1
3
1
2
3
1
2
2
2
1
2
2
2
2
3
3
2
3
3
3
3
3
2
2
3
1
1
1
2
3
1
2
2
1
1
1
1
1
1
1
1
1
1
1
1
1
1
1
1
1
1
1
1
1
1
1
1
1
1
1
1
1
1
1
1
1
1
1
1
1
1
1
1
1
1
1
1
1
1
1
1
1
1
0
0
0
0

0
0
0
0
0
0
0
0
0
0
2
2
1
3
1
2
1
1
2
2
1
3
3
3
2
1
2
1
3
3
3
3
2
3
3
3
3
2
1
2
2
3
1
3
3
2
2
2
3
2
2
1
1
2
1
2
2
2
3
3
2
2
1
2
3
1
1
2
3
3
3
3
1
1
2
1
3
1
2
2
1
2
3
3
3
2
1
1
3
3
1
1
3
3
1
2
2
1
1
2
2
3
2
3
3
1
2
3
3
2
0
0
0
0

250000

13
13
13
13

26
26
26
26

