5
75
25
1

12	18
37	27
17	9
47	21
26	22

15	44
49	29
3	21
31	13
14	44
33	19
32	18
38	16
9	7
27	12
10	48
3	2
4	42
40	22
23	49
12	6
11	32
14	45
4	18
18	46
1	24
25	20
45	28
34	14
38	35
37	19
25	13
49	28
4	12
49	25
8	36
49	22
42	32
3	10
19	38
36	33
14	21
2	45
21	20
19	8
9	7
16	45
14	43
21	34
6	12
2	20
25	40
17	6
7	46
12	15
34	13
31	34
39	36
17	46
9	2
17	30
2	18
25	35
20	8
40	27
19	39
36	12
44	23
4	45
20	46
38	36
17	47
6	44
12	38
50	12
19	8
2	40
21	44
27	37
49	29

35	11
13	11
5	45
50	27
20	2
15	8
25	1
34	26
33	20
15	43
42	11
7	9
20	19
31	31
33	15
10	4
9	32
1	3
34	12
46	16
30	18
1	9
43	17
36	12
8	35

17	20

0
0
0
0
0
25
10
35
10
11
21
19
30
16
25
18
29
29
11
30
14
33
20
6
13
17
16
15
6
27
7
14
22
34
6
13
25
8
18
13
5
7
15
34
22
18
30
8
33
30
8
21
25
30
28
17
18
8
5
10
11
33
24
6
24
27
17
9
19
11
31
12
32
32
21
29
24
28
24
24
2
14
9
14
10
12
14
14
14
15
2
10
12
7
9
11
7
5
12
11
5
5
10
4
3
0

0
0
0
0
0
1
1
1
1
1
3
1
3
3
2
2
2
2
3
2
2
2
1
1
2
2
2
2
3
3
1
1
2
1
2
1
3
2
3
3
1
3
2
2
2
2
3
1
2
1
2
3
3
2
1
1
3
1
1
2
2
2
2
1
1
2
1
1
2
1
1
3
2
3
3
1
1
2
2
2
1
1
1
1
1
1
1
1
1
1
1
1
1
1
1
1
1
1
1
1
1
1
1
1
1
0

0
0
0
0
0
1
1
1
3
3
2
2
1
1
2
1
2
2
1
3
2
3
1
3
2
2
2
3
2
2
2
2
2
3
3
3
3
2
1
2
2
3
3
1
2
2
2
3
1
1
3
1
3
1
2
2
1
3
1
1
1
3
2
3
3
1
2
1
3
2
3
1
1
1
2
1
1
3
1
2
2
3
3
2
3
1
1
1
3
1
3
1
2
3
3
3
2
3
2
2
1
3
2
1
2
0

200000

25

53

