10
75
25
2

14	2
7	44
39	11
6	17
1	44
27	15
2	12
26	23
19	27
10	49

28	30
46	40
16	36
19	3
7	40
12	4
29	19
21	44
46	19
48	16
26	27
43	17
34	24
28	25
12	19
43	14
12	38
14	10
46	14
20	47
40	14
41	28
23	36
13	4
33	27
17	36
12	11
33	27
21	13
36	22
8	34
49	29
36	39
31	22
1	47
11	38
12	37
9	15
13	38
23	8
16	16
9	5
2	6
14	4
9	15
8	13
32	31
41	33
42	18
6	32
47	12
12	47
5	37
11	11
44	24
29	18
13	47
44	24
47	21
23	46
17	14
39	12
10	36
10	36
17	33
14	10
3	17
36	11
32	23
30	25
12	21
24	10
2	11
18	30
4	12

4	10
11	47
13	21
23	49
7	14
13	30
14	10
20	33
27	24
2	38
16	4
15	20
48	38
47	22
50	34
36	14
37	37
43	29
34	21
3	40
24	40
5	21
16	1
24	40
12	42

26	24
15	42

0
0
0
0
0
0
0
0
0
0
26
24
7
33
18
32
6
30
18
25
25
26
12
30
35
33
15
26
10
29
6
17
26
5
17
21
22
9
24
17
20
16
33
28
20
32
33
32
29
33
23
24
26
5
7
11
15
32
6
24
18
22
22
8
28
7
22
6
7
24
22
13
29
29
33
23
12
15
8
28
31
26
27
19
31
13
11
13
9
2
8
7
12
3
15
13
10
10
9
15
9
7
2
2
10
5
9
10
7
15
0
0

0
0
0
0
0
0
0
0
0
0
3
2
2
1
2
3
1
1
2
3
3
3
3
1
1
2
1
3
1
2
2
1
2
3
3
3
2
1
1
3
3
1
1
3
3
1
2
2
1
1
2
2
3
2
3
3
1
2
3
3
2
2
3
1
3
3
2
2
3
3
2
1
1
3
1
1
1
3
1
2
1
1
3
1
2
1
1
1
1
1
1
1
1
1
1
1
1
1
1
1
1
1
1
1
1
1
1
1
1
1
0
0

0
0
0
0
0
0
0
0
0
0
1
2
2
2
3
2
3
2
2
3
2
1
3
2
1
2
3
3
2
1
1
2
1
3
3
3
1
1
3
2
1
2
3
2
3
2
3
2
2
1
3
1
2
1
3
3
2
1
2
2
2
3
2
3
2
1
2
3
2
3
3
1
1
2
2
1
2
1
2
1
2
1
2
2
3
3
2
3
3
2
2
2
3
3
1
1
2
1
2
1
2
3
2
1
3
2
1
2
3
1
0
0

250000

13
13

26
26

