5
38
12
2

44	32
40	13
4	21
7	11
27	33

3	41
27	39
6	43
21	7
4	2
12	24
1	12
29	31
25	3
22	21
12	49
37	46
28	40
49	40
12	40
14	36
47	19
38	29
47	18
14	32
15	36
25	41
22	18
39	34
45	20
26	37
20	2
5	38
29	18
13	47
34	24
42	48
41	17
14	37
5	50
12	46
12	39
50	11

30	20
16	40
37	36
19	40
4	20
29	26
33	38
18	21
25	11
17	16
26	19
22	7

32	43
16	9

0
0
0
0
0
18
25
23
7
19
21
31
13
6
8
13
16
14
19
24
31
20
30
11
31
12
17
35
33
10
17
16
6
33
31
31
19
13
31
17
7
11
30
4
3
13
9
13
10
9
14
13
10
14
8
0
0

0
0
0
0
0
3
3
3
2
2
3
2
1
1
3
2
1
2
2
3
1
2
3
3
1
3
2
1
1
1
3
2
3
1
3
1
3
1
3
3
2
2
3
1
1
1
1
1
1
1
1
1
1
1
1
0
0

0
0
0
0
0
2
3
2
1
2
1
2
2
2
2
1
3
2
3
1
1
3
2
3
2
2
1
1
2
3
1
1
1
1
3
3
2
3
1
3
2
3
2
3
2
1
2
2
3
3
1
3
2
2
2
0
0

150000

6
6

13
13

