5
75
25
2

45	28
1	3
46	16
49	25
9	7

25	13
8	35
38	36
10	48
25	40
49	29
36	33
2	45
21	34
15	44
34	13
3	21
49	28
17	20
37	5
23	49
31	34
17	9
4	18
16	45
3	2
8	36
40	27
12	18
49	29
17	6
47	21
32	18
1	24
30	18
34	12
7	9
14	43
12	15
34	26
31	13
34	14
37	19
26	22
42	32
20	2
12	6
33	19
42	11
15	43
5	45
11	32
3	10
7	46
17	46
38	16
40	22
14	45
19	38
1	9
25	20
9	32
20	19
4	12
14	44
4	42
33	20
31	31
21	20
19	8
9	7
6	12
2	20
15	8
18	46
38	35
9	2
17	30
2	18
25	35

20	8
25	1
19	39
36	12
27	37
4	45
33	15
20	46
49	22
17	47
44	23
6	44
12	38
27	12
39	36
15	28
19	8
37	27
2	40
43	17
21	44
36	12
10	4
50	12
35	11

50	27
13	11

0
0
0
0
0
34
6
13
25
8
18
13
5
7
15
34
22
18
30
8
33
30
8
21
25
30
28
17
18
8
5
10
11
33
24
6
24
27
17
9
19
11
31
12
32
32
21
29
24
28
24
24
5
32
21
32
23
27
33
33
32
35
6
24
27
17
22
26
16
12
28
26
13
13
23
11
8
7
9
13
5
3
12
5
12
12
8
11
7
10
12
9
6
9
4
5
6
7
8
10
13
15
3
5
8
0
0

0
0
0
0
0
1
2
1
3
2
3
3
1
3
2
2
2
2
3
1
2
1
2
3
3
2
1
1
3
1
1
2
2
2
2
1
1
2
1
1
2
1
1
3
2
3
3
1
1
2
2
2
1
1
1
3
3
2
2
1
1
2
1
2
2
1
3
2
3
1
3
2
2
2
3
2
2
2
2
2
1
1
1
1
1
1
1
1
1
1
1
1
1
1
1
1
1
1
1
1
1
1
1
1
1
0
0

0
0
0
0
0
3
3
3
3
2
1
2
2
3
3
1
2
2
2
3
1
1
3
1
3
1
2
2
1
3
1
1
1
3
2
3
3
1
2
1
3
2
3
1
1
1
2
1
1
3
1
2
2
3
3
2
3
1
1
1
3
1
3
1
2
3
3
3
2
3
2
2
1
3
2
1
2
2
1
2
2
2
3
1
2
2
1
2
1
3
3
1
1
2
2
2
3
1
1
2
2
3
3
3
3
0
0

200000

13
13

26
26

