5
12
38
3

25	11
30	20
18	21
22	7
17	16

29	18
12	49
45	20
47	19
23	27
25	3
14	37
12	46
37	46
4	21
29	26
49	40

19	40
47	18
40	13
27	39
14	36
25	41
4	20
4	2
7	11
44	32
5	50
39	34
14	32
13	47
50	11
29	31
21	16
37	36
12	39
28	40
12	40
12	24
32	43
15	36
1	12
5	38
22	18
26	19
34	24
27	33
38	29
16	40
21	7
26	37
6	43
16	9
22	21
19	48

20	2
33	38
3	41

0
0
0
0
0
20
25
24
18
23
19
35
17
33
5
8
35
11
5
8
7
14
5
10
2
12
2
4
12
7
14
6
6
8
2
14
14
11
2
9
5
5
12
5
14
5
4
15
12
7
2
5
12
3
4
0
0
0

0
0
0
0
0
2
2
3
1
1
2
1
2
3
1
2
1
1
1
1
1
1
1
1
1
1
1
1
1
1
1
1
1
1
1
1
1
1
1
1
1
1
1
1
1
1
1
1
1
1
1
1
1
1
1
0
0
0

0
0
0
0
0
1
3
1
2
1
1
1
3
3
3
3
3
3
3
3
3
3
1
2
3
2
1
3
3
1
2
1
1
2
2
2
3
1
1
1
1
3
1
3
3
1
1
3
2
1
1
2
1
1
1
0
0
0

150000

13
13
13

24
24
24

