5
25
25
3

25	41
33	38
49	40
16	9
14	32

19	40
6	43
14	36
27	33
45	20
38	29
34	24
12	39
37	46
12	40
30	20
13	47
27	39
22	21
5	42
20	2
16	40
4	2
12	24
40	13
47	18
3	41
5	50
32	43
25	11

15	36
50	11
29	26
26	19
22	7
17	16
18	21
7	32
42	41
7	11
26	37
44	32
4	20
22	18
1	12
14	37
4	21
5	38
25	3
29	31
39	34
29	18
12	46
47	19
28	40

21	7
37	36
12	49

0
0
0
0
0
14
8
25
31
34
35
24
8
15
17
21
33
12
11
6
21
21
32
5
21
6
6
34
35
8
4
15
15
15
12
14
5
5
13
3
6
5
3
4
11
6
4
12
9
13
4
13
13
5
2
0
0
0

0
0
0
0
0
1
2
3
3
2
2
3
3
3
3
3
2
1
3
3
1
3
3
1
2
1
2
1
3
2
1
1
1
1
1
1
1
1
1
1
1
1
1
1
1
1
1
1
1
1
1
1
1
1
1
0
0
0

0
0
0
0
0
2
3
2
3
1
1
3
1
3
3
1
2
3
2
1
1
1
3
3
3
1
3
1
1
2
1
2
3
1
3
1
2
3
1
1
1
1
2
3
1
3
3
3
3
1
2
1
3
2
1
0
0
0

150000

9
9
9

16
16
16

