10
25
75
6

13	47
26	24
5	37
44	24
23	46
23	8
19	3
21	13
39	12
48	16

29	18
10	36
14	10
43	29
24	40
12	21
49	29
13	38
8	34
2	11
48	28
28	25
33	27
19	27
2	38
9	15
26	27
28	30
47	22
14	10
7	14
27	24
32	23
9	15
14	4

16	16
36	22
47	12
17	36
8	13
48	38
50	34
7	44
31	22
17	33
3	40
18	30
12	38
6	17
42	18
23	49
23	36
32	31
12	37
16	36
14	2
6	32
43	17
44	24
11	11
46	14
34	21
46	19
3	17
11	38
30	25
41	28
13	21
2	12
13	4
33	27
1	47
9	5
24	10
12	42
1	44
22	7
29	19
17	14
4	10
26	23
12	4
4	12
13	30
12	47
46	40
36	39
21	44
20	33
27	15
45	26
14	10
10	49
12	19
37	37
10	36
39	11
47	21
43	14
15	42
15	20
7	40
41	33
11	11
24	40
5	21
34	24
50	27
16	1
40	14

20	47
12	11
36	11
16	4
21	11
11	47

0
0
0
0
0
0
0
0
0
0
35
9
30
25
11
6
31
15
28
15
33
15
24
25
31
34
25
10
7
23
18
9
18
17
18
10
4
15
4
9
10
7
9
3
2
13
6
6
9
8
10
15
9
12
14
3
6
13
12
9
6
4
11
10
2
6
6
10
9
13
12
4
6
15
4
10
15
8
10
12
11
12
15
8
9
8
4
11
15
14
14
4
13
8
11
11
2
12
11
9
10
4
7
12
12
6
9
12
11
4
0
0
0
0
0
0

0
0
0
0
0
0
0
0
0
0
3
3
2
2
3
3
3
3
2
2
2
3
1
1
1
3
1
1
2
1
2
1
1
3
1
1
1
1
1
1
1
1
1
1
1
1
1
1
1
1
1
1
1
1
1
1
1
1
1
1
1
1
1
1
1
1
1
1
1
1
1
1
1
1
1
1
1
1
1
1
1
1
1
1
1
1
1
1
1
1
1
1
1
1
1
1
1
1
1
1
1
1
1
1
1
1
1
1
1
1
0
0
0
0
0
0

0
0
0
0
0
0
0
0
0
0
3
3
2
1
2
3
2
3
1
1
3
2
2
3
2
3
2
1
1
1
1
1
3
3
1
3
1
3
1
3
1
3
2
3
3
1
3
3
3
3
1
1
1
3
2
1
3
2
3
1
3
2
3
3
3
1
3
3
3
2
3
1
3
1
2
3
1
2
2
2
1
2
2
2
2
3
3
2
3
3
3
3
3
2
2
3
1
1
1
2
3
1
2
2
2
2
1
3
1
2
0
0
0
0
0
0

250000

13
13
13
13
13
13

28
28
28
28
28
28

