10
75
25
4

7	14
20	33
2	38
29	19
13	38
27	15
15	20
50	34
4	12
9	5

5	37
26	23
16	4
44	24
4	10
49	29
20	47
16	36
27	24
12	19
14	2
2	11
19	3
43	14
3	40
12	4
12	21
46	14
1	44
39	45
12	47
35	1
23	36
48	38
39	11
7	44
48	16
17	36
41	28
40	14
39	12
23	8
34	21
9	15
12	38
33	27
5	21
32	31
19	27
10	49
13	30
7	40
46	45
1	47
32	23
21	44
26	24
18	30
46	19
24	40
43	17
14	10
42	18
2	12
28	30
13	21
6	17
12	37
8	34
37	37
34	24
11	47
14	10
13	4
28	25
30	25
12	11
21	13
9	15
36	39
36	22
29	18
47	12
11	38
16	16

24	40
44	24
15	42
14	4
8	13
12	42
31	32
6	32
41	33
26	27
11	11
33	27
31	22
24	10
13	47
47	21
16	1
23	46
17	14
47	22
10	36
46	40
10	36
17	33
14	10

3	17
36	11
43	29
23	49

0
0
0
0
0
0
0
0
0
0
7
11
15
32
6
24
18
22
22
8
28
7
22
6
7
24
22
13
29
29
33
23
12
15
8
28
31
26
27
19
31
29
26
30
22
6
18
17
28
7
34
30
24
23
22
35
22
17
5
5
23
12
21
24
16
34
32
17
15
14
20
25
8
15
24
26
31
28
26
11
8
20
11
34
13
9
7
2
10
15
12
13
10
4
3
13
14
2
3
14
15
6
7
7
2
3
9
11
14
8
0
0
0
0

0
0
0
0
0
0
0
0
0
0
3
3
1
2
3
3
2
2
3
1
3
3
2
2
3
3
2
1
1
3
1
1
1
3
1
2
1
1
3
1
2
1
2
2
2
3
2
3
2
2
3
2
1
3
2
1
2
3
3
2
1
1
2
1
3
3
3
1
1
3
2
1
2
3
2
3
2
3
2
2
1
3
1
2
1
1
1
1
1
1
1
1
1
1
1
1
1
1
1
1
1
1
1
1
1
1
1
1
1
1
0
0
0
0

0
0
0
0
0
0
0
0
0
0
3
3
2
1
2
2
2
3
2
3
2
1
2
3
2
3
3
1
1
2
2
1
2
1
2
1
2
1
2
2
3
3
2
3
3
2
2
2
3
3
1
1
2
1
2
1
2
3
2
1
3
2
1
2
3
1
3
3
3
3
1
2
2
1
2
1
1
1
3
1
2
2
2
1
2
2
3
1
3
1
3
2
2
3
1
2
3
1
2
3
2
1
2
1
3
2
2
1
3
3
0
0
0
0

250000

7
7
7
7

13
13
13
13

