5
38
12
1

37	36
19	40
40	13
20	2
34	24

22	18
4	2
37	46
47	19
6	43
45	20
49	33
26	37
14	36
4	21
28	40
12	24
26	19
16	40
27	39
12	39
12	40
21	7
25	41
14	32
50	11
7	11
39	34
27	33
18	21
1	12
33	38
30	20
4	20
29	31
47	18
3	41
16	9
29	18
12	49
29	26
14	37
13	47

17	16
44	32
49	40
25	11
12	46
5	50
5	38
22	21
38	29
25	3
32	43
15	36

22	7

0
0
0
0
0
25
5
15
22
14
19
33
11
9
22
6
24
26
20
19
10
12
30
26
17
28
17
29
14
23
27
6
22
9
27
17
20
5
11
21
33
14
25
14
14
7
10
4
13
9
15
7
7
9
7
0

0
0
0
0
0
2
2
1
1
3
2
2
3
2
1
1
1
3
1
1
1
3
1
3
1
3
1
1
2
3
3
3
3
3
1
3
3
2
3
2
1
2
2
1
1
1
1
1
1
1
1
1
1
1
1
0

0
0
0
0
0
3
1
1
1
1
2
1
2
2
3
2
3
1
3
1
2
3
3
1
2
2
1
3
3
3
2
1
3
2
1
1
3
1
1
3
2
3
2
2
3
3
2
3
2
3
3
3
2
2
3
0

150000

12

31

