5
50
50
3

46	16
33	15
17	30
36	12
34	26

2	18
12	15
21	44
14	45
6	44
4	12
34	13
4	45
25	40
37	19
49	29
12	6
17	6
15	8
21	20
4	18
50	12
23	49
25	13
2	40
49	22
19	8
15	44
14	43
32	18
25	20
11	32
40	27
21	34
31	34
7	9
20	8
50	27
13	11
42	32
3	10
10	48
49	29
34	14
20	2
47	21
44	23
38	16
15	43
7	46
4	42
2	45
2	20
38	36
18	46

5	45
12	38
9	7
30	18
9	2
36	38
8	35
22	12
49	25
27	37
36	12
45	28
19	8
40	40
1	3
3	2
1	24
17	20
9	32
20	19
19	39
17	9
33	20
31	31
26	22
17	47
35	11
38	35
40	22
36	33
9	7
37	27
10	4
1	9
31	13
25	35
49	28
17	46
34	12
39	36
33	19
42	11
27	12
14	44
12	18
25	1
6	12
43	17
19	38
16	45

8	36
20	46
3	21

0
0
0
0
0
8
9
28
29
5
16
31
33
13
31
25
18
25
5
6
5
30
30
18
24
5
33
22
19
34
8
29
35
12
29
8
35
7
25
23
32
18
35
12
13
18
21
34
18
7
10
26
21
16
24
7
15
14
6
13
14
13
5
9
9
13
7
11
12
9
5
2
14
12
4
2
14
4
11
13
6
7
5
6
6
9
12
3
15
9
6
6
2
14
10
12
12
3
5
14
10
3
10
14
15
0
0
0

0
0
0
0
0
1
2
1
1
1
3
3
1
3
3
2
1
1
2
2
1
1
2
1
3
3
1
2
1
3
1
2
2
2
3
2
3
3
2
3
1
1
3
2
2
3
3
3
2
2
2
3
2
2
1
1
1
1
1
1
1
1
1
1
1
1
1
1
1
1
1
1
1
1
1
1
1
1
1
1
1
1
1
1
1
1
1
1
1
1
1
1
1
1
1
1
1
1
1
1
1
1
1
1
1
0
0
0

0
0
0
0
0
1
1
1
3
3
1
3
2
1
1
3
1
2
1
2
3
1
3
2
3
3
2
3
2
3
3
1
3
2
2
1
1
2
2
2
1
3
2
3
2
2
3
1
1
2
3
2
1
2
2
2
2
1
2
2
1
1
1
3
2
3
3
3
3
1
2
3
1
3
1
1
2
2
3
2
2
2
3
3
1
3
1
3
2
1
1
2
2
1
1
3
1
1
2
3
1
1
2
1
2
0
0
0

200000

17
17
17

32
32
32

