10
50
50
6

47	22
14	2
8	13
11	38
47	21
46	14
44	24
12	42
1	36
43	29

40	14
10	49
37	37
13	30
6	17
7	40
32	31
14	10
46	19
28	25
36	39
7	14
26	24
29	18
23	46
12	11
2	12
5	37
18	30
15	20
21	44
39	11
3	17
13	38
32	23
4	10
21	13
5	21
16	1
24	40
50	34
11	47
31	22
7	44
3	40
13	47
13	21
36	11
19	27
39	12
10	32
20	33
28	30
19	3
12	4
2	38
48	38
10	36
13	4
11	11

46	40
24	10
12	38
30	25
40	22
23	8
26	23
1	44
34	21
12	37
10	36
16	36
49	29
47	12
9	15
4	12
48	44
15	42
17	36
14	10
23	36
34	24
41	28
20	47
12	47
17	14
27	15
8	34
6	32
12	21
36	32
48	16
2	11
9	5
16	4
1	47
9	15
36	22
12	19
44	24
17	33
43	17
23	49
41	33
24	40
33	27
14	4
16	16
14	10
33	27

26	27
43	14
42	18
29	19
27	24
45	9

0
0
0
0
0
0
0
0
0
0
26
20
23
11
17
28
27
15
21
27
25
10
30
32
15
15
33
35
29
27
16
20
24
26
5
12
5
28
13
9
23
5
16
10
14
27
13
32
31
22
12
22
26
15
30
6
14
35
20
25
13
8
14
7
4
3
4
2
5
15
15
2
12
4
13
4
13
3
12
9
15
15
2
12
14
15
11
5
2
3
11
10
3
14
8
14
2
13
7
11
11
11
5
13
15
14
6
11
4
13
0
0
0
0
0
0

0
0
0
0
0
0
0
0
0
0
1
2
3
1
2
2
2
1
2
2
2
2
3
3
2
3
3
3
3
3
2
2
3
1
1
1
2
3
1
2
2
2
2
1
3
1
2
1
1
2
2
1
3
3
3
2
1
2
1
3
1
1
1
1
1
1
1
1
1
1
1
1
1
1
1
1
1
1
1
1
1
1
1
1
1
1
1
1
1
1
1
1
1
1
1
1
1
1
1
1
1
1
1
1
1
1
1
1
1
1
0
0
0
0
0
0

0
0
0
0
0
0
0
0
0
0
3
3
3
2
3
3
3
3
2
1
2
2
3
1
3
3
2
2
2
3
2
2
1
1
2
1
2
2
2
3
3
2
2
1
2
3
1
1
2
3
3
3
3
1
1
2
1
3
1
2
2
1
2
3
3
3
2
1
1
3
3
1
1
3
3
1
2
2
1
1
2
2
3
2
3
3
1
2
3
3
2
2
3
1
3
3
2
2
3
3
2
1
1
3
1
1
1
3
1
2
0
0
0
0
0
0

250000

9
9
9
9
9
9

18
18
18
18
18
18

