5
25
75
3

32	16
12	38
17	20
19	8
49	28

20	46
30	18
34	13
14	43
37	19
45	28
2	45
3	21
10	3
44	23
10	48
1	24
1	9
4	42
34	14
47	21
9	2
38	36
8	36
38	35
32	18
10	4
40	22
33	19
21	44

43	17
33	15
49	22
21	20
25	40
2	18
13	11
16	45
27	12
25	35
26	22
7	9
14	44
6	12
34	12
34	26
17	47
50	12
2	40
6	44
40	27
25	1
3	2
46	23
42	11
27	37
25	20
19	38
5	45
14	45
15	8
18	46
4	12
1	3
19	8
20	2
39	36
36	33
20	8
12	15
4	45
21	34
3	10
9	32
11	32
37	27
19	39
38	16
9	7
9	7
25	13
49	25
7	46
17	9
46	16
17	30
49	29
2	20
12	6
31	34
17	46
35	11
36	12
33	20
42	32
12	18
31	13
15	44
20	19
50	27
36	12
4	18
31	31
17	6
8	35

23	49
49	29
15	43

0
0
0
0
0
11
8
30
14
35
6
31
16
23
31
6
19
20
6
19
21
11
26
14
20
11
18
32
16
27
2
12
8
8
15
15
13
6
11
2
10
15
5
8
11
10
10
10
3
8
9
13
5
14
9
14
13
9
3
4
12
12
4
6
10
11
10
5
5
9
12
13
7
9
15
13
4
15
2
10
8
15
14
6
10
3
15
9
5
6
5
12
13
5
9
9
14
13
8
9
11
7
15
11
14
0
0
0

0
0
0
0
0
3
1
2
1
3
2
1
1
3
3
1
1
3
2
2
3
1
1
3
3
2
3
2
1
2
1
1
1
1
1
1
1
1
1
1
1
1
1
1
1
1
1
1
1
1
1
1
1
1
1
1
1
1
1
1
1
1
1
1
1
1
1
1
1
1
1
1
1
1
1
1
1
1
1
1
1
1
1
1
1
1
1
1
1
1
1
1
1
1
1
1
1
1
1
1
1
1
1
1
1
0
0
0

0
0
0
0
0
2
1
1
2
2
2
1
3
1
3
3
2
3
3
3
3
3
3
3
3
2
2
1
2
1
1
1
2
3
3
1
1
2
2
3
3
2
1
1
1
3
3
2
3
1
1
2
3
1
2
2
3
3
1
2
2
1
2
1
3
2
2
2
1
1
1
2
3
3
2
1
1
3
2
1
3
3
3
3
1
1
3
3
1
2
3
3
1
3
2
2
2
1
1
1
3
3
2
2
1
0
0
0

200000

25
25
25

50
50
50

