10
125
375
30

37.50019514 	126.8893096
37.4781663 	126.9516285
37.532186 	126.9902789
37.57863741 	126.9361885
37.56723341 	127.0331768
37.60261378 	127.0395289
37.65812453 	127.0385555
37.60626177 	127.0930485
37.51630118 	127.0421563
37.52892076 	127.1253753

37.55754705080081	126.94041549997473
37.567401891600475	127.068218327939
37.47158903069866	127.09454837878559
37.481596217167336	126.95311937168749
37.5935194717726	127.01984022066566
37.50867711507194	127.05957201369809
37.56294692442736	126.86131207880027
37.57382806151646	126.97422929571202
37.49175879302677	127.01494520136758
37.58654433556216	126.94963618920265
37.50103052435662	127.05820859092556
37.51812622354857	126.8496190209428
37.626710319420184	127.03332702408773
37.501406683817905	126.84182711354458
37.54780259939911	127.12595731787066
37.53103135565473	126.8572204719707
37.562253962225604	126.85018069278796
37.57336430154462	127.08721440901361
37.59886298926407	127.08408295846915
37.507695217210376	127.10398214822443
37.59840050377556	126.91063499283321
37.648239056983954	127.04440630473076
37.526295937236874	126.8751797479934
37.56330509925008	127.07777738507906
37.6547615057038	127.06356551032385
37.650895874151956	127.02192080955523
37.53507801185602	126.95082918762704
37.48338144862319	126.99652064141867
37.61967800620779	126.91989100266265
37.549023765814844	126.8644797767595
37.62736797854876	127.05346425198613
37.635672238696394	127.03208653605687
37.57411604929123	126.90131517125931
37.54233355899976	127.01147371848714
37.46612838069521	126.93529084181043
37.54250492326763	127.10131687365646
37.496635440567715	126.83951170889762
37.565250052829064	126.84170650154958
37.62729775865009	126.92196952629213
37.63124260321419	127.06009408394682
37.48311317632393	126.93152348459705
37.550547022175685	126.97496154395857
37.4641043637317	126.91011778727893
37.564010309297316	127.054446122441
37.51723597708943	126.90684314419694
37.54724923542663	126.84052704909412
37.532018538219674	127.03304392401323
37.46367952704752	126.95863879352784
37.57801808030663	126.90922535906257
37.598282134335044	126.95594252530834
37.51119616109413	126.83742807647275
37.46463198816705	126.89476870228998
37.63511957418392	127.03180065004406
37.53824542418027	126.96319859693573
37.48020225036372	126.95081097081098
37.47896021184428	126.91148589304504
37.5785153045677	127.09087302704077
37.527191872546894	127.05268813477136
37.49799464076956	127.03735137149033
37.617198260502605	127.08052640736359
37.58930897619902	127.08766006993149
37.50789036816439	127.00426526655771
37.505571263634415	126.94185630805126
37.48429163258496	127.0158396901704
37.57635577334078	127.04401149723763
37.56652212161319	126.8534726412725
37.54214363285821	127.06402123209185
37.558051671331754	126.90807847630208
37.54459474860629	127.09002562378471
37.555744374076745	127.139609031475
37.53014533056622	127.08039482678815
37.66161939704559	127.07293790106874
37.56378671666689	127.0555324317443
37.57471541141671	126.92538685108724
37.637319147858015	127.02515975388559
37.48516240310723	126.94027618409584
37.4731821612233	126.97822885797697
37.44922838643051	126.91405158113889
37.483101188223046	126.93518914757372
37.604384214820215	126.9598186710598
37.50073712207076	127.1051663369015
37.59749372150361	127.03158699182957
37.56864328219387	126.9117354473436
37.56818424916458	126.945134856722
37.53284092739135	127.07160250214069
37.609734812486096	126.91224336553637
37.5811044696707	126.96674822326989
37.550240568565634	126.92834437633701
37.51758050056648	127.05003953888169
37.49743657228984	126.92743242334545
37.60887133057377	126.97296139422511
37.56777250363897	126.8383530721895
37.633550156491324	127.02074155806513
37.634940843519	126.9231104015929
37.66288967994981	127.05931459912958
37.623190116168296	127.04947519402704
37.4804143040829	126.96180849871661
37.549523568208315	126.98101859549008
37.591681866985816	127.07604133955691
37.48804764034383	127.10664445475038
37.57527886736714	127.04288913137738
37.54547901535922	127.13358129021962
37.65064370090745	127.0343397844623
37.53156099869766	127.07417617449727
37.57583279595516	126.96141601894146
37.48176021332179	126.95039612069738
37.56613737952859	126.81160335994306
37.54949978281633	126.87284085053307
37.536237828468444	126.84745491149746
37.687010851894996	127.04167676532913
37.553214434521905	127.17616980715012
37.64441868973354	127.02100688825217
37.54597889208735	127.12704736499735
37.633664579705226	127.06352897702489
37.55080217006509	126.9167159224658
37.50540354122305	126.84793409828916
37.65606390698095	127.02846011235214
37.524060145598504	126.95960239218886
37.55112039707017	126.95176176005546
37.59967467011346	127.05680727784441
37.66701735886079	127.06371400104697
37.50190923262646	126.84839988802968
37.47230854726292	126.88611003855884
37.50870681832694	126.94695616695334
37.536895583307704	127.13928319033522

37.493983468258435	127.04682010433709
37.63027427636332	127.05967387038466
37.55167238625643	127.14398855156497
37.51314242214988	127.09315868878642
37.56161950385085	127.1766017684397
37.50034904242463	126.82999232231217
37.52832072175983	126.83596011287814
37.55418406078601	126.86802395162852
37.56656536205772	126.84277623831663
37.56415351562687	127.04701892744656
37.496975459440044	126.83830719203341
37.54874030688063	126.94557856598351
37.56267534774535	126.95751514525162
37.45068040265995	127.05651495951369
37.49447884163651	126.95788287235546
37.56640627928137	127.00655819888814
37.65183173893155	127.03897294450651
37.56000721273218	127.03261153202612
37.52004859845352	127.04372286579726
37.49098287346525	127.07343452817612
37.5337726906265	127.0954528383064
37.49600236190249	126.91254941316954
37.53277737791121	127.02699572875662
37.66423784407048	127.0407959270179
37.5048771901292	126.90408936376534
37.51137156163136	127.0788288562985
37.551243426458754	127.01987902864137
37.53221531413855	126.84640142298629
37.58890102687452	127.00682895226666
37.57988696277293	127.06792721952627
37.55554131759867	126.9000457904322
37.639714362944915	127.06882328932056
37.51598620426237	127.08104253233515
37.54779737983077	126.82528776890015
37.64683107357543	127.0809781771852
37.51155641259289	126.83081873535679
37.5539181331194	126.94711657188942
37.49249289285671	127.11335525522439
37.54817742649078	127.00821905963372
37.58627851535511	126.88029024524754
37.54126069220742	127.0141819186254
37.48824165651702	126.88736548777064
37.6123050686264	126.99654497355607
37.571238941151435	127.0029639432058
37.61958704732807	127.01167154413604
37.48503416995723	127.08499534384754
37.468886628288296	126.93608699808273
37.499430680116284	127.03433035518367
37.61463732509073	127.06354506626916
37.58620481901218	126.94149678491392
37.59669691805099	126.80860040203294
37.482458936898276	126.94340769824383
37.65668887461931	127.07238027844579
37.557011607151345	126.80328787030871
37.5719448628959	126.9883212412317
37.504297819182206	127.08903515395524
37.50878848574838	126.89129266581504
37.54087573567319	126.90171990695877
37.54629343521891	127.05638321699195
37.624444816235815	127.07142441863361
37.562157924165405	126.85041517362613
37.571729171943154	127.0010378750315
37.494189280104145	127.01523166828503
37.497372941730035	127.15250674203159
37.47503583154559	126.98043759590648
37.66145826295607	127.01567646685687
37.57405529978675	126.92775852052458
37.48960519674159	127.00713440078178
37.531670961849834	127.0710317425139
37.51351516684115	126.91396014582187
37.560025993323734	126.81949732199742
37.48744446963152	126.93432130946586
37.542683280369225	127.09132145999791
37.537236147306274	127.13475948064679
37.600139871395534	127.0397906295458
37.64657743580891	126.95886051962988
37.5701367504144	126.84192002005274
37.52667914515726	127.12782976904977
37.51842352713921	127.06871935510718
37.481333287619904	127.05291989351791
37.53216668606118	126.85454576001295
37.534803011535644	126.83112035000745
37.51270262086239	127.04564289977363
37.539612226070695	127.11822369808219
37.473429130275676	126.91242344237872
37.52165528673667	126.92421969494886
37.624862516118654	127.07700740891879
37.50613850541416	127.13724429798303
37.56421323386728	126.85351134029231
37.52450180220125	127.0414799017765
37.55128550893427	127.10771305072579
37.52236339189475	126.90941794409655
37.55744488025614	126.96522457722779
37.498587279287264	127.10108708498774
37.48368805990947	126.95483719798332
37.55217519301867	127.13241662943172
37.66158832557893	127.04191793947696
37.616420430405434	127.0230675806203
37.53938004149896	127.13086456412927
37.58115175278486	127.02575805234413
37.59312084377504	127.07171853619525
37.53912589077342	126.83453888912643
37.64160172330939	127.0180250562335
37.55889553675921	126.84466053357227
37.5479604374478	126.95777279414439
37.56976739693373	126.98365922429993
37.607142962168695	126.92094877744113
37.55698877812694	126.85933159472917
37.505345957647336	127.08734782137753
37.55963488267128	126.83201084043016
37.499016566306324	126.93003930230671
37.561157197884526	127.0172470911255
37.62637080414039	127.05229677956132
37.68554814612018	127.04307657431626
37.67733127637179	127.04268493153059
37.51424263333992	127.05865983804135
37.47194372872649	126.91873411949263
37.57784427659414	127.03692175212412
37.48447174319489	127.03572507800534
37.597686543539005	126.95083304357989
37.52649169763986	126.85702639653901
37.505655230696775	127.09260758335172
37.61872753186959	127.07812403047653
37.495455495155575	126.93129317587864
37.6001410882292	126.9490746073016
37.517158287245124	126.84959000703326
37.562834411585186	127.00549193987928
37.617045892894225	126.93143777147499
37.546495800785785	127.12771011364751
37.52852695706236	126.95243399856061
37.48043804621725	127.00877855405615
37.49171493527151	126.87757277610622
37.51892809173222	126.8365621588747
37.508494265124845	126.87556238572773
37.4760157217015	126.98014882804323
37.54787788008429	127.13957557059335
37.61422333913212	127.0791181798662
37.617706362122675	126.91378372500029
37.51260401339735	127.01652024690686
37.488794818562326	126.93305235602837
37.58856465062902	127.01502179878113
37.51498889625401	126.87232838928838
37.53656874690981	127.05343517928324
37.568621638640494	126.98970416484595
37.4917807501259	126.88965930840355
37.57873607856179	126.8349057226217
37.498750880214885	127.09311134347615
37.494566580573206	126.91284158549718
37.676978036111684	127.0316781217665
37.523879492301056	126.89584012906649
37.57327230033692	126.80611759341203
37.508321438720664	126.94671179967308
37.661359630503	127.04674813637119
37.55988252078472	127.03226163810707
37.48899902735849	126.93689088959741
37.48439036475175	126.95463560920156
37.547451215465635	126.84724987409804
37.641548677060754	127.01785247712633
37.61461307903272	127.10985891552875
37.458361625210856	126.94734675773077
37.49023310224477	127.00975044819153
37.58699895631619	126.93712039449952
37.51875108827599	127.02067213914319
37.636354941443024	127.0613520257352
37.489600900980115	127.14350959971782
37.5414936222957	127.07144003947707
37.5078206906478	127.12474586228244
37.5311185090349	126.93278690069728
37.62046489889886	126.9136371374465
37.60539055239357	127.04981290260083
37.470091500954524	127.04803907074512
37.49115641685774	126.85250299473546
37.47716526840344	127.12873293400384
37.50530223142611	127.00427748992733
37.55342880632086	126.85007145657381
37.46900201423884	126.95289445644055
37.517158077048556	126.907389402116
37.485125327222605	127.08779783370865
37.5341536456317	127.12686992288299
37.569241921368906	127.06584830104389
37.52971251578771	127.00833164738927
37.51027534953684	126.91221936580439
37.496400480143876	127.01328740625084
37.50253429414294	127.05646125701331
37.49714243561205	126.93126901333133
37.603179964560724	127.09549198813637
37.58504535498034	126.88188058036062
37.528626479363744	126.83651912889752
37.53661673067507	126.94139860480225
37.49202892654921	126.84284016378331
37.611525624576494	126.93268630207076
37.47597433158662	127.13084602974578
37.54778380248851	126.92971134565663
37.55550047589846	126.84190814829842
37.601878743612076	127.02604151131865
37.573087847671694	126.98522920494645
37.554564495147666	127.13117234399535
37.56301701505047	126.84749564139072
37.50965777584514	126.86296999844146
37.466366472533494	126.93591184311965
37.58534115666673	127.01269893788586
37.616047161134304	126.92530592599796
37.51579386434353	127.1159375069632
37.54088529147163	126.87721419909191
37.612460185488324	127.02969363529311
37.498046309282294	126.85343473507116
37.48213791911742	127.00486952998753
37.652742073054476	127.03792508911103
37.437372805341994	127.06284907120178
37.58643905946523	127.05380555059745
37.574987214763716	126.80930953139361
37.478505871360916	126.91564733596617
37.58886896543977	127.08515221038164
37.49714029748368	126.94278284055356
37.49333642158477	127.1495086202058
37.512741117770396	126.82778516401741
37.61692212108002	127.05026086120161
37.480197949842534	126.8252515129768
37.49860411428142	127.027668538794
37.56423007957874	127.03928597860289
37.48851099570447	126.95418740235773
37.52982621398722	127.03498224735799
37.57376805679389	127.03177524327845
37.485101952405934	126.85361651064748
37.491680301577155	126.88750325378254
37.59562061541058	127.01854051052044
37.585842745598484	127.00027862831719
37.51340219224655	127.03511828163234
37.56043554839397	126.86143167247384
37.500725744096286	127.10127690669158
37.648338614872685	127.0364763946967
37.50891297910703	127.09632091769947
37.56601702006764	126.81037363615758
37.56462655558022	126.853520001327
37.488679730219744	127.10130664179646
37.542259954124965	127.05654593100088
37.501014457246484	127.0675103592458
37.57108904223048	127.0228748633005
37.48427397411226	126.9329050785921
37.61620742169781	127.09497493935889
37.650184781227075	127.03194869856871
37.647664747288616	127.01517557530849
37.58639135591084	127.01369795840077
37.62070154048912	127.06741822553268
37.492423534508895	127.0409980565497
37.47728529566384	127.00183444796106
37.52468417762331	126.8969767301767
37.63863380885339	126.95485823854368
37.51585634222049	127.018379495114
37.609876654090556	127.02410053264015
37.66778571936406	127.03097615873662
37.496623975849936	127.15212895314362
37.53994548890928	126.8507354921719
37.50083345362409	126.85798707220981
37.61297560609575	127.0810026830307
37.63029379561058	127.04054812502696
37.54234355964812	127.06972128121312
37.563407434381254	126.90103135947234
37.656430849887144	126.99023508402634
37.51109323187533	127.08545059964314
37.609059288505534	127.07364132469665
37.53543771217507	126.86986496970984
37.544514285296614	127.10225162120607
37.5456435619923	127.07162136531585
37.604730739251636	127.03522296407971
37.556065067870584	126.81775019635722
37.56613560538109	127.0009771651868
37.53378987852578	126.86093697113485
37.479241264227596	126.91420085550205
37.56205049450758	126.97432967769065
37.54124503560956	127.08400418044204
37.514643939991416	127.10973033545584
37.49074102396803	126.90847730197883
37.57479611265543	127.02297855650214
37.61438400217828	126.93409258206297
37.52921108478066	127.14038250169621
37.52831489660808	127.13505684588388
37.492422826725544	127.07301215486083
37.568604081156906	127.0459204428573
37.46393638053494	127.10312379595791
37.56259767118843	127.08504499585828
37.51255470169527	127.06737714861728
37.62322679991129	127.05888604742516
37.575819857921346	127.04902433811176
37.64290460833781	127.02418287962627
37.51262784017251	127.0165351304731
37.50768387522783	127.02412020631711
37.5467737570987	126.84600287381062
37.549307700331724	127.05757799220973
37.53833827511904	127.0746144804901
37.60282484435352	126.96133556929956
37.6161145534641	127.09287367467299
37.52222840465387	126.90146049285856
37.5426428699332	127.12262170651678
37.65302598804106	127.0477525939535
37.59982347877409	127.07934990648931
37.64486668585329	127.05390616757745
37.52693503293709	126.88922296242734
37.505555109990695	127.0456975851076
37.54906779535888	127.1336486896528
37.53250289676266	127.0263421453527
37.56294804902186	126.96512269984484
37.54214551179943	126.86722804495516
37.503073388070476	127.05862038550389
37.52662267881741	126.89780149535852
37.503915814137954	126.8532142614925
37.57753444073014	127.0581128184127
37.595761055472956	126.91744579875572
37.56890051530121	127.02488852923466
37.467757434386726	126.94658184200897
37.4656015101572	126.92044887228171
37.52335955411746	127.09240049080107
37.66765193569279	127.03481040085744
37.50921713130606	126.86593683994326
37.529948802609304	126.90521784315348
37.551379484298344	126.83032424077346
37.63195644974226	127.05881034931868
37.631665011775766	127.01432268325223
37.64600649320457	127.07996148426506
37.485129385496826	126.892794355454
37.55062512118566	127.05108284184197
37.68223281790891	127.0477552997535
37.534642645914886	126.98864428570467
37.56211427255134	127.0171112414848
37.47872213707184	126.93251086593524
37.49945715694818	127.06933637126382
37.525243028568994	126.89008438160651
37.635133505910034	127.02637033595681
37.58896757147255	127.05204394867678
37.57869732716343	127.01983934370581
37.49807821288882	127.10788960373895
37.48899056020062	126.90364523636565
37.554707468904525	127.07421189881862
37.47945892035489	126.90347279068791
37.51325879179198	127.10745400769828
37.59998669908756	126.95517182259893
37.48920719613718	126.92946722430561
37.66656658403417	127.09400913132025
37.68662984450058	127.0615012059763
37.619200726105944	127.04954468629137
37.4932096130151	127.09005595574111
37.54480067762433	127.05246853794719
37.602034584230765	126.95742550607433
37.473603042422056	127.06113124980888
37.57564805691729	126.97333135198728
37.56368014187157	127.06470753279301
37.562328605518935	127.08237157878494
37.6334482484557	126.95264415821052
37.48729997926044	126.93090094167506
37.633217838815206	127.04436474021999
37.598483720409185	127.03511123415042
37.537488438497974	127.09723106035405
37.49066887463718	127.05616748512865
37.545522843408875	126.91368258984595
37.56039607570672	126.9504718266753
37.5383031709724	127.13415300750356
37.529779909242606	126.83608967949033
37.6079528479339	127.03601792168251
37.53574788452985	127.12968175067354
37.63937139478048	127.01496836107556
37.55638405599331	127.01709007009164
37.588485359586414	126.92470368610438
37.56466086521805	126.93020377620229
37.57337339564633	127.08725171690202
37.48791127971148	127.10575575080193
37.577355412623156	126.81440440400738
37.484437470672034	127.01501904720486
37.61776474518875	127.02602248989282
37.54639861582768	126.8407734555725
37.49366492630358	127.06024564494416
37.475333349024936	126.91430037761693
37.58019442911987	127.02672171932478
37.52962614873533	127.08239449990586
37.67969585594323	127.04127617846814
37.608579563368906	127.09395003689538

37.49280698	127.0463125
37.53598408	127.1352635
37.64025592	127.0285044
37.55726115	126.8362659
37.47962478	126.9562858
37.54084479	127.0721229
37.49211115	126.8847449
37.45567063	126.9005625
37.64858127	127.0631162
37.6461157	127.0290242
37.58419129	127.0498381
37.50707428	126.9607938
37.55258927	126.9337347
37.56211711	126.9408277
37.5018008	127.0047273
37.55994453	127.0448828
37.58715608	127.0264709
37.52656397	127.1082383
37.53654283	126.886216
37.52346675	126.91033
37.53384172	127.004418
37.61469222	126.9174722
37.57966609	126.9989631
37.56733956	127.0057954
37.61286932	127.0980911
37.48851613	127.0866825
37.56199597	126.7963653
37.49385071	126.8992545
37.63360841	126.9161505
37.58362084	127.0860555

0
0
0
0
0
0
0
0
0
0
17
7
31
7
25
8
8
26
13
5
21
32
13
15
18
33
28
9
22
19
5
20
24
7
18
22
18
24
31
21
28
9
7
15
10
8
32
18
26
32
33
30
35
17
7
24
6
15
20
31
10
26
24
11
17
26
31
28
5
23
8
10
29
11
33
17
24
6
32
16
21
13
11
16
22
13
32
9
14
24
7
14
19
25
6
16
22
6
30
32
6
25
16
13
24
17
7
17
25
8
27
16
9
12
23
31
18
24
7
11
7
10
14
14
13
26
6
24
30
33
8
7
24
8
25
10
8
12
12
11
5
6
12
13
10
4
12
7
6
14
2
11
3
7
14
14
6
10
13
8
2
8
3
13
7
2
2
4
2
5
15
12
4
3
3
10
14
6
11
11
13
13
3
6
7
5
13
8
12
2
6
3
3
3
13
10
15
4
11
13
5
5
9
11
11
9
9
4
15
12
7
14
3
3
13
11
4
11
5
10
2
2
9
15
12
10
5
5
15
10
12
11
15
3
11
5
13
11
9
4
7
5
6
11
8
15
6
3
6
6
13
9
5
6
7
5
10
15
3
15
6
14
12
5
9
13
10
12
6
9
15
4
14
13
6
4
10
10
2
14
7
13
11
11
11
2
11
10
3
13
13
15
11
14
14
4
15
15
12
5
8
15
2
15
15
5
10
4
11
4
4
5
8
4
6
5
6
4
3
5
8
15
14
11
6
5
8
15
4
8
12
5
12
12
10
11
4
9
8
2
6
7
12
5
2
11
4
5
13
3
15
3
12
7
7
11
13
12
11
15
5
15
5
10
4
12
4
6
10
7
7
15
10
3
7
12
12
3
14
2
7
11
14
8
5
2
5
3
4
5
14
6
10
12
6
2
12
15
11
14
11
15
10
12
9
3
8
7
15
9
4
15
3
12
6
12
5
13
9
2
13
2
11
10
2
10
4
8
15
13
11
4
2
8
8
14
9
2
7
6
10
6
7
14
6
8
7
13
9
12
15
8
8
8
5
6
15
3
5
9
7
2
15
7
14
4
6
7
10
2
10
11
15
8
5
2
5
4
13
11
5
6
5
15
9
14
15
3
14
11
13
7
9
5
5
5
12
5
12
6
12
4
11
8
8
6
9
7
7
6
0
0
0
0
0
0
0
0
0
0
0
0
0
0
0
0
0
0
0
0
0
0
0
0
0
0
0
0
0
0

0
0
0
0
0
0
0
0
0
0
1
1
1
2
2
3
2
1
1
2
1
3
1
2
1
3
2
3
1
1
2
1
1
2
1
1
1
2
2
3
3
3
1
2
1
3
3
2
3
2
2
2
1
3
1
2
3
2
3
1
1
2
3
3
1
3
3
2
2
3
2
3
2
3
2
2
1
3
1
3
3
1
3
1
2
3
1
1
2
1
1
2
3
3
3
2
2
1
1
2
1
1
2
3
2
1
1
1
3
1
3
2
2
3
1
3
3
3
3
1
1
3
1
1
1
3
1
1
2
3
3
2
2
1
3
1
1
1
1
1
1
1
1
1
1
1
1
1
1
1
1
1
1
1
1
1
1
1
1
1
1
1
1
1
1
1
1
1
1
1
1
1
1
1
1
1
1
1
1
1
1
1
1
1
1
1
1
1
1
1
1
1
1
1
1
1
1
1
1
1
1
1
1
1
1
1
1
1
1
1
1
1
1
1
1
1
1
1
1
1
1
1
1
1
1
1
1
1
1
1
1
1
1
1
1
1
1
1
1
1
1
1
1
1
1
1
1
1
1
1
1
1
1
1
1
1
1
1
1
1
1
1
1
1
1
1
1
1
1
1
1
1
1
1
1
1
1
1
1
1
1
1
1
1
1
1
1
1
1
1
1
1
1
1
1
1
1
1
1
1
1
1
1
1
1
1
1
1
1
1
1
1
1
1
1
1
1
1
1
1
1
1
1
1
1
1
1
1
1
1
1
1
1
1
1
1
1
1
1
1
1
1
1
1
1
1
1
1
1
1
1
1
1
1
1
1
1
1
1
1
1
1
1
1
1
1
1
1
1
1
1
1
1
1
1
1
1
1
1
1
1
1
1
1
1
1
1
1
1
1
1
1
1
1
1
1
1
1
1
1
1
1
1
1
1
1
1
1
1
1
1
1
1
1
1
1
1
1
1
1
1
1
1
1
1
1
1
1
1
1
1
1
1
1
1
1
1
1
1
1
1
1
1
1
1
1
1
1
1
1
1
1
1
1
1
1
1
1
1
1
1
1
1
1
1
1
1
1
1
1
1
1
1
1
1
1
1
1
1
1
1
1
1
1
1
1
1
1
1
1
1
1
1
1
1
1
1
1
1
1
1
1
1
1
1
1
1
1
1
1
0
0
0
0
0
0
0
0
0
0
0
0
0
0
0
0
0
0
0
0
0
0
0
0
0
0
0
0
0
0

0
0
0
0
0
0
0
0
0
0
2
2
1
2
2
3
3
2
2
1
1
1
3
1
2
1
1
3
3
1
1
1
1
3
3
2
1
3
1
3
2
3
3
2
2
2
1
3
3
2
1
1
3
3
1
2
1
2
2
3
1
3
1
1
1
3
2
1
2
2
1
1
3
1
3
2
3
2
3
3
2
2
1
1
1
1
1
1
3
2
2
3
3
2
3
1
1
2
1
3
2
1
2
2
3
1
1
3
1
1
3
2
1
2
1
1
1
1
3
2
1
2
1
2
1
3
1
1
3
2
2
3
3
3
3
3
1
1
2
2
2
3
3
3
3
1
3
2
3
3
2
2
3
1
3
2
3
2
2
2
2
1
1
2
1
3
2
1
2
2
2
3
3
2
3
2
3
2
3
1
1
1
1
1
2
1
1
1
1
2
2
1
1
1
1
2
3
3
3
2
1
1
3
1
2
2
1
2
2
3
2
1
1
2
2
2
1
2
2
1
3
1
2
2
2
1
3
3
1
3
3
2
1
1
2
1
2
3
1
1
1
1
2
3
3
1
2
3
1
3
2
1
1
3
3
3
1
2
1
1
3
3
2
2
3
2
1
2
2
2
3
1
1
2
2
3
1
3
3
1
3
2
1
2
1
1
1
2
3
2
1
1
3
2
3
2
1
2
1
1
2
1
2
3
1
3
3
1
1
2
3
2
3
2
2
3
3
1
1
2
2
1
3
2
3
3
3
3
1
3
3
1
2
1
1
1
1
1
3
2
1
1
3
3
2
2
1
3
2
3
2
1
3
2
3
1
2
1
1
1
2
3
3
1
1
1
3
3
1
1
1
3
3
3
2
1
1
1
3
1
3
1
2
2
3
2
3
3
3
2
1
2
2
3
1
2
3
1
1
2
2
2
3
3
1
2
3
1
2
2
3
1
2
3
1
2
2
2
2
1
2
1
1
1
1
3
3
1
3
2
1
2
2
1
1
1
1
1
1
3
1
2
1
3
1
3
1
1
1
1
2
2
3
3
2
1
3
3
3
2
3
2
1
2
2
1
2
3
1
1
1
2
3
3
3
2
3
3
1
3
2
2
3
1
1
1
3
2
2
1
2
1
3
2
1
1
1
1
1
1
3
3
1
3
2
1
2
2
2
2
0
0
0
0
0
0
0
0
0
0
0
0
0
0
0
0
0
0
0
0
0
0
0
0
0
0
0
0
0
0

750000

13
13
13
13
13
13
13
13
13
13
13
13
13
13
13
13
13
13
13
13
13
13
13
13
13
13
13
13
13
13

25
25
25
25
25
25
25
25
25
25
25
25
25
25
25
25
25
25
25
25
25
25
25
25
25
25
25
25
25
25

